DYNA>    10000     20.00000  -4526.51500   1041.92465  -5568.43965    299.09888
DYNA>    20000     40.00000  -4404.19620   1057.65001  -5461.84621    303.61306
DYNA>    30000     60.00000  -4485.59476   1037.52174  -5523.11650    297.83496
DYNA>    40000     80.00000  -4379.40208   1094.51881  -5473.92090    314.19676
DYNA>    50000    100.00000  -4516.33237   1032.92331  -5549.25568    296.51492
DYNA>    60000    120.00000  -4512.35036   1003.54078  -5515.89114    288.08026
DYNA>    70000    140.00000  -4563.50509   1039.55864  -5603.06372    298.41968
DYNA>    80000    160.00000  -4464.46399   1052.20952  -5516.67351    302.05129
DYNA>    90000    180.00000  -4477.55202   1024.05410  -5501.60612    293.96889
DYNA>   100000    200.00000  -4517.54475   1008.59709  -5526.14184    289.53174
DYNA>   110000    220.00000  -4518.64321   1009.45413  -5528.09734    289.77777
DYNA>   120000    240.00000  -4363.56028   1057.25626  -5420.81654    303.50003
DYNA>   130000    260.00000  -4431.30059   1050.38302  -5481.68360    301.52697
DYNA>   140000    280.00000  -4548.61534    990.30807  -5538.92341    284.28163
DYNA>   150000    300.00000  -4446.26079   1058.81969  -5505.08049    303.94883
DYNA>   160000    320.00000  -4499.30323   1005.47934  -5504.78256    288.63675
DYNA>   170000    340.00000  -4435.97821   1037.67317  -5473.65138    297.87843
DYNA>   180000    360.00000  -4486.50782   1018.64149  -5505.14932    292.41513
DYNA>   190000    380.00000  -4523.27001   1014.76126  -5538.03127    291.30125
DYNA>   200000    400.00000  -4486.84867   1044.56280  -5531.41147    299.85620
DYNA>   210000    420.00000  -4470.28800   1024.56073  -5494.84873    294.11432
DYNA>   220000    440.00000  -4584.02964   1044.64504  -5628.67468    299.87981
DYNA>   230000    460.00000  -4441.19138   1041.13780  -5482.32917    298.87300
DYNA>   240000    480.00000  -4419.25795   1036.25669  -5455.51464    297.47181
DYNA>   250000    500.00000  -4511.41763   1027.22103  -5538.63867    294.87800
DYNA>   260000    520.00000  -4482.04401   1033.28547  -5515.32948    296.61888
DYNA>   270000    540.00000  -4446.91382   1090.93777  -5537.85159    313.16877
DYNA>   280000    560.00000  -4426.03179   1061.42107  -5487.45286    304.69560
DYNA>   290000    580.00000  -4449.35413   1053.75585  -5503.10998    302.49519
DYNA>   300000    600.00000  -4406.03414   1088.31292  -5494.34706    312.41527
DYNA>   310000    620.00000  -4535.92557   1032.52776  -5568.45332    296.40137
DYNA>   320000    640.00000  -4476.10557   1043.15483  -5519.26040    299.45202
DYNA>   330000    660.00000  -4411.44894   1051.59178  -5463.04071    301.87396
DYNA>   340000    680.00000  -4513.80402   1040.22277  -5554.02679    298.61033
DYNA>   350000    700.00000  -4403.89037   1057.29651  -5461.18688    303.51158
DYNA>   360000    720.00000  -4478.20903   1025.52752  -5503.73655    294.39186
DYNA>   370000    740.00000  -4542.46340   1026.75526  -5569.21866    294.74430
DYNA>   380000    760.00000  -4469.37118   1024.07932  -5493.45050    293.97613
DYNA>   390000    780.00000  -4470.55618   1037.88997  -5508.44615    297.94067
DYNA>   400000    800.00000  -4438.44490   1071.81203  -5510.25693    307.67847
DYNA>   410000    820.00000  -4464.71278   1043.30722  -5508.02000    299.49577
DYNA>   420000    840.00000  -4547.58788   1038.95631  -5586.54419    298.24678
DYNA>   430000    860.00000  -4425.05131   1053.71041  -5478.76172    302.48215
DYNA>   440000    880.00000  -4474.11285   1061.59327  -5535.70612    304.74503
DYNA>   450000    900.00000  -4522.49634   1040.28080  -5562.77714    298.62699
DYNA>   460000    920.00000  -4395.58071   1055.47799  -5451.05870    302.98955
DYNA>   470000    940.00000  -4456.91464   1046.30077  -5503.21540    300.35510
DYNA>   480000    960.00000  -4417.68063   1095.22229  -5512.90292    314.39870
DYNA>   490000    980.00000  -4395.97837   1105.86658  -5501.84495    317.45429
DYNA>   500000   1000.00000  -4499.14642   1056.46373  -5555.61014    303.27252
DYNA>   510000   1020.00000  -4467.07508   1016.63345  -5483.70853    291.83869
DYNA>   520000   1040.00000  -4389.05150   1075.97850  -5465.03001    308.87451
DYNA>   530000   1060.00000  -4549.67433   1023.37238  -5573.04671    293.77319
DYNA>   540000   1080.00000  -4425.56421   1032.42291  -5457.98712    296.37127
DYNA>   550000   1100.00000  -4452.95099   1029.74109  -5482.69208    295.60142
DYNA>   560000   1120.00000  -4470.40978   1019.19082  -5489.60060    292.57282
DYNA>   570000   1140.00000  -4525.89258    986.96822  -5512.86080    283.32288
DYNA>   580000   1160.00000  -4492.43522   1054.07897  -5546.51419    302.58794
DYNA>   590000   1180.00000  -4523.09513   1029.08294  -5552.17807    295.41249
DYNA>   600000   1200.00000  -4530.51136   1041.66386  -5572.17522    299.02401
DYNA>   610000   1220.00000  -4495.03440   1019.93929  -5514.97369    292.78768
DYNA>   620000   1240.00000  -4413.50563   1079.19006  -5492.69570    309.79643
DYNA>   630000   1260.00000  -4517.20794   1011.20431  -5528.41225    290.28018
DYNA>   640000   1280.00000  -4466.38317   1079.04432  -5545.42749    309.75459
DYNA>   650000   1300.00000  -4526.08074   1055.61991  -5581.70065    303.03029
DYNA>   660000   1320.00000  -4383.72528   1046.02130  -5429.74658    300.27488
DYNA>   670000   1340.00000  -4453.69472   1067.33593  -5521.03064    306.39354
DYNA>   680000   1360.00000  -4461.45526   1071.62034  -5533.07560    307.62344
DYNA>   690000   1380.00000  -4522.20393   1050.89808  -5573.10200    301.67482
DYNA>   700000   1400.00000  -4417.84597   1058.74876  -5476.59473    303.92847
DYNA>   710000   1420.00000  -4529.24630   1022.20331  -5551.44961    293.43760
DYNA>   720000   1440.00000  -4490.86526   1051.23153  -5542.09678    301.77055
DYNA>   730000   1460.00000  -4480.79425   1018.89410  -5499.68835    292.48764
DYNA>   740000   1480.00000  -4510.90855   1018.05755  -5528.96611    292.24750
DYNA>   750000   1500.00000  -4473.26629   1074.14202  -5547.40830    308.34732
DYNA>   760000   1520.00000  -4541.84105   1035.75353  -5577.59458    297.32737
DYNA>   770000   1540.00000  -4480.18230   1045.70948  -5525.89179    300.18537
DYNA>   780000   1560.00000  -4542.10748   1009.65014  -5551.75762    289.83404
DYNA>   790000   1580.00000  -4533.24647    991.15300  -5524.39947    284.52417
DYNA>   800000   1600.00000  -4446.48085   1071.61017  -5518.09101    307.62052
DYNA>   810000   1620.00000  -4452.26025   1062.55616  -5514.81640    305.02144
DYNA>   820000   1640.00000  -4463.56045   1047.72226  -5511.28271    300.76316
DYNA>   830000   1660.00000  -4521.33353   1037.15333  -5558.48686    297.72921
DYNA>   840000   1680.00000  -4492.48086   1029.68865  -5522.16951    295.58637
DYNA>   850000   1700.00000  -4559.62289   1012.73565  -5572.35854    290.71977
DYNA>   860000   1720.00000  -4505.31669   1037.64138  -5542.95808    297.86931
DYNA>   870000   1740.00000  -4478.07468   1027.82476  -5505.89944    295.05131
DYNA>   880000   1760.00000  -4558.11216   1013.83306  -5571.94522    291.03480
DYNA>   890000   1780.00000  -4395.83260   1050.10138  -5445.93398    301.44612
DYNA>   900000   1800.00000  -4444.86808   1069.90502  -5514.77310    307.13103
DYNA>   910000   1820.00000  -4447.70979   1051.45830  -5499.16809    301.83565
DYNA>   920000   1840.00000  -4483.50078   1031.97952  -5515.48029    296.24399
DYNA>   930000   1860.00000  -4438.18301   1065.60517  -5503.78818    305.89670
DYNA>   940000   1880.00000  -4443.31580   1071.83374  -5515.14954    307.68470
DYNA>   950000   1900.00000  -4557.75798   1028.40885  -5586.16683    295.21898
DYNA>   960000   1920.00000  -4474.02650   1074.70048  -5548.72698    308.50763
DYNA>   970000   1940.00000  -4391.08946   1064.22082  -5455.31028    305.49930
DYNA>   980000   1960.00000  -4477.31755   1053.54205  -5530.85960    302.43382
DYNA>   990000   1980.00000  -4475.03132   1059.21685  -5534.24816    304.06284
DYNA>  1000000   2000.00000  -4505.92284   1052.79075  -5558.71359    302.21814
DYNA>  1010000   2020.00000  -4464.87891   1025.23843  -5490.11734    294.30887
DYNA>  1020000   2040.00000  -4429.98405   1073.64899  -5503.63305    308.20579
DYNA>  1030000   2060.00000  -4451.74825    989.06820  -5440.81646    283.92571
DYNA>  1040000   2080.00000  -4437.28862   1034.52561  -5471.81423    296.97488
DYNA>  1050000   2100.00000  -4450.79446   1070.76498  -5521.55944    307.37789
DYNA>  1060000   2120.00000  -4398.63677   1051.16816  -5449.80494    301.75236
DYNA>  1070000   2140.00000  -4542.51045   1014.54341  -5557.05386    291.23871
DYNA>  1080000   2160.00000  -4426.96105   1056.68144  -5483.64249    303.33502
DYNA>  1090000   2180.00000  -4507.62413   1027.88859  -5535.51273    295.06963
DYNA>  1100000   2200.00000  -4455.70608   1075.66871  -5531.37480    308.78558
DYNA>  1110000   2220.00000  -4512.46820   1003.43271  -5515.90091    288.04924
DYNA>  1120000   2240.00000  -4492.47166   1056.54720  -5549.01886    303.29648
DYNA>  1130000   2260.00000  -4553.14475   1006.89894  -5560.04369    289.04426
DYNA>  1140000   2280.00000  -4528.30834   1017.66773  -5545.97607    292.13560
DYNA>  1150000   2300.00000  -4496.99815   1028.57875  -5525.57690    295.26775
DYNA>  1160000   2320.00000  -4509.13821   1014.61992  -5523.75813    291.26068
DYNA>  1170000   2340.00000  -4427.71579   1057.49011  -5485.20590    303.56716
DYNA>  1180000   2360.00000  -4470.16153   1053.20365  -5523.36519    302.33667
DYNA>  1190000   2380.00000  -4453.17754   1046.43169  -5499.60922    300.39269
DYNA>  1200000   2400.00000  -4502.18225   1017.10241  -5519.28466    291.97331
DYNA>  1210000   2420.00000  -4507.89724   1021.86171  -5529.75895    293.33954
DYNA>  1220000   2440.00000  -4513.00526   1040.68790  -5553.69316    298.74385
DYNA>  1230000   2460.00000  -4543.26791    992.33070  -5535.59861    284.86225
DYNA>  1240000   2480.00000  -4497.56230   1006.11050  -5503.67280    288.81793
DYNA>  1250000   2500.00000  -4483.33570   1036.96778  -5520.30347    297.67594
DYNA>  1260000   2520.00000  -4566.75337   1004.13604  -5570.88941    288.25114
DYNA>  1270000   2540.00000  -4427.46018   1082.87278  -5510.33296    310.85361
DYNA>  1280000   2560.00000  -4471.22607   1067.37189  -5538.59797    306.40386
DYNA>  1290000   2580.00000  -4425.18580   1041.20967  -5466.39548    298.89364
DYNA>  1300000   2600.00000  -4436.84754   1032.60508  -5469.45262    296.42357
DYNA>  1310000   2620.00000  -4428.76460   1047.37363  -5476.13823    300.66308
DYNA>  1320000   2640.00000  -4540.27008   1030.05064  -5570.32072    295.69028
DYNA>  1330000   2660.00000  -4501.08205   1009.46087  -5510.54293    289.77970
DYNA>  1340000   2680.00000  -4435.17603   1049.29460  -5484.47062    301.21452
DYNA>  1350000   2700.00000  -4463.20154   1047.15903  -5510.36057    300.60148
DYNA>  1360000   2720.00000  -4521.53308    988.62290  -5510.15599    283.79787
DYNA>  1370000   2740.00000  -4520.55449   1041.57074  -5562.12524    298.99729
DYNA>  1380000   2760.00000  -4501.28031   1031.18138  -5532.46168    296.01487
DYNA>  1390000   2780.00000  -4484.16821   1021.80554  -5505.97375    293.32341
DYNA>  1400000   2800.00000  -4482.83881   1027.38988  -5510.22869    294.92647
DYNA>  1410000   2820.00000  -4447.55627   1054.72381  -5502.28009    302.77305
DYNA>  1420000   2840.00000  -4392.24497   1103.06767  -5495.31264    316.65083
DYNA>  1430000   2860.00000  -4483.50636   1045.21750  -5528.72386    300.04414
DYNA>  1440000   2880.00000  -4451.58687   1046.57067  -5498.15753    300.43258
DYNA>  1450000   2900.00000  -4477.45686   1037.24232  -5514.69918    297.75475
DYNA>  1460000   2920.00000  -4430.76278   1063.79727  -5494.56005    305.37772
DYNA>  1470000   2940.00000  -4550.50639   1057.17121  -5607.67761    303.47562
DYNA>  1480000   2960.00000  -4474.62421   1042.75024  -5517.37444    299.33588
DYNA>  1490000   2980.00000  -4557.83043   1010.66449  -5568.49492    290.12522
DYNA>  1500000   3000.00000  -4371.80913   1079.30167  -5451.11080    309.82847
DYNA>  1510000   3020.00000  -4402.91324   1090.89971  -5493.81295    313.15785
DYNA>  1520000   3040.00000  -4447.54536   1055.18607  -5502.73143    302.90575
DYNA>  1530000   3060.00000  -4469.76943   1032.80206  -5502.57150    296.48011
DYNA>  1540000   3080.00000  -4539.36299   1039.96470  -5579.32769    298.53625
DYNA>  1550000   3100.00000  -4501.46257   1041.07623  -5542.53880    298.85533
DYNA>  1560000   3120.00000  -4475.64888   1042.50679  -5518.15567    299.26599
DYNA>  1570000   3140.00000  -4466.69833   1058.82716  -5525.52549    303.95098
DYNA>  1580000   3160.00000  -4554.01158   1013.36611  -5567.37769    290.90075
DYNA>  1590000   3180.00000  -4481.73566   1021.72118  -5503.45684    293.29919
DYNA>  1600000   3200.00000  -4575.13011    999.53896  -5574.66907    286.93148
DYNA>  1610000   3220.00000  -4425.97278   1040.90069  -5466.87346    298.80494
DYNA>  1620000   3240.00000  -4421.81225   1063.03374  -5484.84598    305.15853
DYNA>  1630000   3260.00000  -4465.59632   1042.16750  -5507.76383    299.16859
DYNA>  1640000   3280.00000  -4475.75591   1033.03521  -5508.79111    296.54704
DYNA>  1650000   3300.00000  -4434.13414   1042.78181  -5476.91595    299.34494
DYNA>  1660000   3320.00000  -4530.34896   1032.45655  -5562.80552    296.38093
DYNA>  1670000   3340.00000  -4413.16257   1015.21955  -5428.38212    291.43281
DYNA>  1680000   3360.00000  -4463.54141   1063.26601  -5526.80743    305.22521
DYNA>  1690000   3380.00000  -4493.01282   1040.34280  -5533.35562    298.64479
DYNA>  1700000   3400.00000  -4440.47789   1036.51139  -5476.98928    297.54493
DYNA>  1710000   3420.00000  -4478.43152   1065.37521  -5543.80673    305.83069
DYNA>  1720000   3440.00000  -4397.58622   1034.05977  -5431.64600    296.84116
DYNA>  1730000   3460.00000  -4472.08513   1040.37699  -5512.46212    298.65460
DYNA>  1740000   3480.00000  -4482.92567   1040.66633  -5523.59201    298.73766
DYNA>  1750000   3500.00000  -4392.34788   1079.13560  -5471.48348    309.78080
DYNA>  1760000   3520.00000  -4532.47486   1056.30451  -5588.77937    303.22682
DYNA>  1770000   3540.00000  -4470.33060    996.86365  -5467.19425    286.16350
DYNA>  1780000   3560.00000  -4498.40838    998.36363  -5496.77201    286.59409
DYNA>  1790000   3580.00000  -4434.83100   1008.73107  -5443.56207    289.57020
DYNA>  1800000   3600.00000  -4506.58894   1038.00773  -5544.59667    297.97447
DYNA>  1810000   3620.00000  -4482.31199   1042.16265  -5524.47464    299.16720
DYNA>  1820000   3640.00000  -4510.93001   1020.36835  -5531.29835    292.91084
DYNA>  1830000   3660.00000  -4440.25065   1038.71370  -5478.96435    298.17713
DYNA>  1840000   3680.00000  -4400.47190   1043.94303  -5444.41493    299.67828
DYNA>  1850000   3700.00000  -4450.72497   1045.52900  -5496.25397    300.13356
DYNA>  1860000   3720.00000  -4476.97279   1045.78886  -5522.76165    300.20815
DYNA>  1870000   3740.00000  -4476.75626   1083.61481  -5560.37107    311.06662
DYNA>  1880000   3760.00000  -4462.28487   1056.02042  -5518.30529    303.14526
DYNA>  1890000   3780.00000  -4489.61071   1015.28370  -5504.89440    291.45122
DYNA>  1900000   3800.00000  -4419.17489   1061.52504  -5480.69993    304.72544
DYNA>  1910000   3820.00000  -4518.86323   1014.77172  -5533.63495    291.30425
DYNA>  1920000   3840.00000  -4542.30936    991.82704  -5534.13640    284.71767
DYNA>  1930000   3860.00000  -4525.51643   1043.14334  -5568.65977    299.44872
DYNA>  1940000   3880.00000  -4478.70416   1030.12183  -5508.82599    295.71072
DYNA>  1950000   3900.00000  -4456.84365   1029.23353  -5486.07718    295.45572
DYNA>  1960000   3920.00000  -4595.26098    996.64046  -5591.90144    286.09942
DYNA>  1970000   3940.00000  -4420.87190   1043.68590  -5464.55780    299.60447
DYNA>  1980000   3960.00000  -4517.01086   1037.75730  -5554.76816    297.90258
DYNA>  1990000   3980.00000  -4443.22559   1029.10695  -5472.33254    295.41938
DYNA>  2000000   4000.00000  -4532.38586   1019.05470  -5551.44056    292.53374
