DYNA>        0      0.00000  -4517.58772   1545.17552  -6062.76324    443.56400
DYNA>    10000     20.00000  -5030.46663   1006.65765  -6037.12428    288.97500
DYNA>    20000     40.00000  -5014.30651   1089.44435  -6103.75086    312.74007
DYNA>    30000     60.00000  -5101.74227   1022.61723  -6124.35950    293.55642
DYNA>    40000     80.00000  -5064.27068   1059.64629  -6123.91697    304.18612
DYNA>    50000    100.00000  -4939.28913   1082.19708  -6021.48621    310.65964
DYNA>    60000    120.00000  -5037.91944   1054.77554  -6092.69498    302.78790
DYNA>    70000    140.00000  -4990.26469   1065.25556  -6055.52025    305.79634
DYNA>    80000    160.00000  -5059.90457   1009.12137  -6069.02594    289.68224
DYNA>    90000    180.00000  -5040.03186   1051.60813  -6091.63999    301.87866
DYNA>   100000    200.00000  -5052.86228   1026.30460  -6079.16688    294.61493
DYNA>   110000    220.00000  -5073.62139   1049.25739  -6122.87879    301.20384
DYNA>   120000    240.00000  -5051.99206   1077.77495  -6129.76701    309.39020
DYNA>   130000    260.00000  -5006.42145   1032.95471  -6039.37616    296.52393
DYNA>   140000    280.00000  -5029.89898   1030.75616  -6060.65514    295.89281
DYNA>   150000    300.00000  -5068.35802    989.51681  -6057.87483    284.05448
DYNA>   160000    320.00000  -5015.39624   1023.86602  -6039.26226    293.91490
DYNA>   170000    340.00000  -5019.54601   1074.50271  -6094.04872    308.45086
DYNA>   180000    360.00000  -5037.75044   1052.27813  -6090.02857    302.07099
DYNA>   190000    380.00000  -5102.16430   1053.45640  -6155.62071    302.40923
DYNA>   200000    400.00000  -5029.10914   1048.19424  -6077.30338    300.89865
DYNA>   210000    420.00000  -4989.50885   1050.55258  -6040.06143    301.57565
DYNA>   220000    440.00000  -5041.62937   1059.97044  -6101.59981    304.27917
DYNA>   230000    460.00000  -4982.30943   1058.65761  -6040.96704    303.90231
DYNA>   240000    480.00000  -5093.14382   1004.93252  -6098.07634    288.47978
DYNA>   250000    500.00000  -5042.60115   1013.43072  -6056.03187    290.91930
DYNA>   260000    520.00000  -5070.08377   1031.59819  -6101.68197    296.13453
DYNA>   270000    540.00000  -5092.32633   1019.56380  -6111.89013    292.67989
DYNA>   280000    560.00000  -5063.42335   1045.22899  -6108.65235    300.04744
DYNA>   290000    580.00000  -5057.03364   1006.33646  -6063.37009    288.88280
DYNA>   300000    600.00000  -5019.30265   1031.32358  -6050.62623    296.05570
DYNA>   310000    620.00000  -4967.09866   1066.92414  -6034.02280    306.27533
DYNA>   320000    640.00000  -4983.57478   1042.47121  -6026.04599    299.25578
DYNA>   330000    660.00000  -5043.81678   1061.77517  -6105.59195    304.79724
DYNA>   340000    680.00000  -5012.76379   1067.44687  -6080.21066    306.42538
DYNA>   350000    700.00000  -5042.86467   1037.65969  -6080.52436    297.87456
DYNA>   360000    720.00000  -5029.71547   1023.59211  -6053.30758    293.83627
DYNA>   370000    740.00000  -5054.62883   1021.06500  -6075.69383    293.11083
DYNA>   380000    760.00000  -5006.28349   1056.78038  -6063.06387    303.36342
DYNA>   390000    780.00000  -5014.97412   1031.98860  -6046.96272    296.24660
DYNA>   400000    800.00000  -5047.31042   1072.02063  -6119.33105    307.73835
DYNA>   410000    820.00000  -5068.74881   1036.68816  -6105.43697    297.59567
DYNA>   420000    840.00000  -4936.68609   1082.06088  -6018.74698    310.62054
DYNA>   430000    860.00000  -5015.73124   1036.39998  -6052.13122    297.51295
DYNA>   440000    880.00000  -5076.78732   1007.71798  -6084.50530    289.27938
DYNA>   450000    900.00000  -5069.45471   1057.05771  -6126.51242    303.44303
DYNA>   460000    920.00000  -5112.80031    990.88520  -6103.68551    284.44730
DYNA>   470000    940.00000  -5019.46212   1046.01234  -6065.47447    300.27231
DYNA>   480000    960.00000  -4971.85340   1044.68464  -6016.53804    299.89117
DYNA>   490000    980.00000  -5032.39432   1023.77386  -6056.16818    293.88844
DYNA>   500000   1000.00000  -5028.36275   1051.30081  -6079.66356    301.79044
DYNA>   510000   1020.00000  -5070.53095   1011.27246  -6081.80341    290.29974
DYNA>   520000   1040.00000  -5028.55616   1028.45227  -6057.00843    295.23145
DYNA>   530000   1060.00000  -5064.01255   1000.85507  -6064.86761    287.30929
DYNA>   540000   1080.00000  -4999.66524   1055.49650  -6055.16174    302.99487
DYNA>   550000   1100.00000  -5055.95459   1023.10586  -6079.06045    293.69669
DYNA>   560000   1120.00000  -5047.01060   1052.72758  -6099.73818    302.20001
DYNA>   570000   1140.00000  -5027.20655   1034.27764  -6061.48419    296.90370
DYNA>   580000   1160.00000  -5104.46115   1019.06557  -6123.52672    292.53686
DYNA>   590000   1180.00000  -5083.81892   1003.77851  -6087.59743    288.14850
DYNA>   600000   1200.00000  -5004.40492   1074.39411  -6078.79904    308.41969
DYNA>   610000   1220.00000  -5026.82410   1065.52357  -6092.34767    305.87328
DYNA>   620000   1240.00000  -5062.68492   1070.99580  -6133.68073    307.44416
DYNA>   630000   1260.00000  -5060.30551   1067.08264  -6127.38815    306.32083
DYNA>   640000   1280.00000  -5046.75476    985.10953  -6031.86428    282.78931
DYNA>   650000   1300.00000  -5049.52634   1042.88108  -6092.40742    299.37344
DYNA>   660000   1320.00000  -5109.44231   1024.03302  -6133.47533    293.96284
DYNA>   670000   1340.00000  -5074.27092   1010.04019  -6084.31110    289.94600
DYNA>   680000   1360.00000  -5074.87947    981.44369  -6056.32316    281.73698
DYNA>   690000   1380.00000  -5114.81908   1002.11257  -6116.93165    287.67027
DYNA>   700000   1400.00000  -5098.27202   1045.62433  -6143.89636    300.16092
DYNA>   710000   1420.00000  -5115.76443   1034.49172  -6150.25615    296.96515
DYNA>   720000   1440.00000  -5068.93136   1032.21284  -6101.14420    296.31097
DYNA>   730000   1460.00000  -5020.89368   1057.24996  -6078.14364    303.49822
DYNA>   740000   1480.00000  -5025.00749   1028.80050  -6053.80800    295.33141
DYNA>   750000   1500.00000  -4976.39979   1076.92646  -6053.32625    309.14663
DYNA>   760000   1520.00000  -5113.54662   1024.22895  -6137.77557    294.01908
DYNA>   770000   1540.00000  -5039.57500   1037.28211  -6076.85711    297.76617
DYNA>   780000   1560.00000  -5107.27654   1038.93332  -6146.20986    298.24018
DYNA>   790000   1580.00000  -5128.66969   1021.27837  -6149.94806    293.17208
DYNA>   800000   1600.00000  -5046.02321   1032.86171  -6078.88493    296.49724
DYNA>   810000   1620.00000  -4967.08687   1050.56404  -6017.65091    301.57894
DYNA>   820000   1640.00000  -5052.98364   1041.98563  -6094.96927    299.11638
DYNA>   830000   1660.00000  -5031.55889   1047.77044  -6079.32933    300.77699
DYNA>   840000   1680.00000  -5081.02529   1015.23610  -6096.26139    291.43756
DYNA>   850000   1700.00000  -5023.66374   1056.17721  -6079.84095    303.19027
DYNA>   860000   1720.00000  -5003.22810   1037.48126  -6040.70936    297.82334
DYNA>   870000   1740.00000  -5034.52487   1057.98899  -6092.51386    303.71037
DYNA>   880000   1760.00000  -4996.71198   1051.32440  -6048.03638    301.79721
DYNA>   890000   1780.00000  -5040.21155   1052.72617  -6092.93772    302.19960
DYNA>   900000   1800.00000  -5077.87218   1058.41147  -6136.28365    303.83165
DYNA>   910000   1820.00000  -5057.83621   1020.50349  -6078.33970    292.94964
DYNA>   920000   1840.00000  -5128.82298    972.87580  -6101.69877    279.27745
DYNA>   930000   1860.00000  -5000.29893   1041.76418  -6042.06311    299.05281
DYNA>   940000   1880.00000  -5092.67514   1013.08673  -6105.76187    290.82055
DYNA>   950000   1900.00000  -4973.76344   1035.60443  -6009.36787    297.28457
DYNA>   960000   1920.00000  -5069.21424    995.45919  -6064.67342    285.76033
DYNA>   970000   1940.00000  -5077.28388   1021.24620  -6098.53008    293.16284
DYNA>   980000   1960.00000  -5007.77681   1046.96481  -6054.74161    300.54573
DYNA>   990000   1980.00000  -4980.29740   1032.05991  -6012.35731    296.26707
DYNA>  1000000   2000.00000  -5042.50216   1021.90798  -6064.41014    293.35282
DYNA>  1010000   2020.00000  -5108.97630   1012.12861  -6121.10492    290.54551
DYNA>  1020000   2040.00000  -5082.06906   1033.84122  -6115.91028    296.77842
DYNA>  1030000   2060.00000  -5113.52404   1043.03402  -6156.55806    299.41734
DYNA>  1040000   2080.00000  -4986.60862   1060.28501  -6046.89364    304.36948
DYNA>  1050000   2100.00000  -5085.76126   1005.37831  -6091.13957    288.60775
DYNA>  1060000   2120.00000  -5054.10528   1037.10898  -6091.21426    297.71647
DYNA>  1070000   2140.00000  -5090.41593   1009.07017  -6099.48610    289.66755
DYNA>  1080000   2160.00000  -5076.05488   1036.52799  -6112.58287    297.54969
DYNA>  1090000   2180.00000  -5048.49091   1062.69340  -6111.18431    305.06084
DYNA>  1100000   2200.00000  -5035.15355   1034.69958  -6069.85313    297.02482
DYNA>  1110000   2220.00000  -5046.88683   1032.71512  -6079.60194    296.45516
DYNA>  1120000   2240.00000  -5074.16860   1026.78142  -6100.95001    294.75180
DYNA>  1130000   2260.00000  -5049.44455   1046.47327  -6095.91782    300.40462
DYNA>  1140000   2280.00000  -5012.36704   1048.39453  -6060.76157    300.95615
DYNA>  1150000   2300.00000  -5042.24380   1037.91832  -6080.16211    297.94881
DYNA>  1160000   2320.00000  -4969.01836   1050.09273  -6019.11109    301.44364
DYNA>  1170000   2340.00000  -5117.05938   1017.25248  -6134.31185    292.01639
DYNA>  1180000   2360.00000  -5028.07234   1026.00081  -6054.07314    294.52772
DYNA>  1190000   2380.00000  -5058.34829   1060.06221  -6118.41050    304.30552
DYNA>  1200000   2400.00000  -5039.28350   1077.58094  -6116.86443    309.33451
DYNA>  1210000   2420.00000  -5041.96855   1066.19832  -6108.16686    306.06697
DYNA>  1220000   2440.00000  -4974.06002   1053.84013  -6027.90015    302.51938
DYNA>  1230000   2460.00000  -5103.83861    986.14888  -6089.98749    283.08767
DYNA>  1240000   2480.00000  -5035.16438   1084.40567  -6119.57005    311.29364
DYNA>  1250000   2500.00000  -5113.85880   1022.69933  -6136.55813    293.57999
DYNA>  1260000   2520.00000  -5071.54934   1014.81199  -6086.36133    291.31581
DYNA>  1270000   2540.00000  -5081.49770   1050.67803  -6132.17574    301.61166
DYNA>  1280000   2560.00000  -5072.28812   1061.34405  -6133.63218    304.67349
DYNA>  1290000   2580.00000  -5039.78874   1031.56003  -6071.34878    296.12357
DYNA>  1300000   2600.00000  -5064.86573   1058.99149  -6123.85722    303.99815
DYNA>  1310000   2620.00000  -5080.11754   1012.74549  -6092.86303    290.72260
DYNA>  1320000   2640.00000  -5031.51057    986.00590  -6017.51647    283.04663
DYNA>  1330000   2660.00000  -5056.64600   1044.85298  -6101.49898    299.93950
DYNA>  1340000   2680.00000  -5000.93718   1064.22173  -6065.15890    305.49956
DYNA>  1350000   2700.00000  -5089.02443   1012.03948  -6101.06391    290.51993
DYNA>  1360000   2720.00000  -4991.08948   1071.28724  -6062.37673    307.52782
DYNA>  1370000   2740.00000  -5002.07592   1057.30950  -6059.38542    303.51531
DYNA>  1380000   2760.00000  -5006.00739   1023.03364  -6029.04103    293.67595
DYNA>  1390000   2780.00000  -5087.44609   1026.55028  -6113.99636    294.68545
DYNA>  1400000   2800.00000  -5117.17063    983.07730  -6100.24793    282.20593
DYNA>  1410000   2820.00000  -5039.40254   1033.37840  -6072.78095    296.64556
DYNA>  1420000   2840.00000  -5035.13206   1042.04621  -6077.17828    299.13378
DYNA>  1430000   2860.00000  -5007.16016   1066.30793  -6073.46809    306.09844
DYNA>  1440000   2880.00000  -5079.51362   1048.67371  -6128.18733    301.03629
DYNA>  1450000   2900.00000  -5058.86479   1032.27292  -6091.13771    296.32822
DYNA>  1460000   2920.00000  -5081.39006   1045.80763  -6127.19770    300.21354
DYNA>  1470000   2940.00000  -5017.02026   1044.74961  -6061.76988    299.90982
DYNA>  1480000   2960.00000  -4938.32978   1031.86356  -5970.19333    296.21070
DYNA>  1490000   2980.00000  -5090.70089    983.59065  -6074.29154    282.35330
DYNA>  1500000   3000.00000  -5126.96204   1014.28098  -6141.24302    291.16338
DYNA>  1510000   3020.00000  -5090.15053    952.80885  -6042.95938    273.51696
DYNA>  1520000   3040.00000  -5054.00588    996.42056  -6050.42644    286.03630
DYNA>  1530000   3060.00000  -4988.23423   1029.33639  -6017.57062    295.48524
DYNA>  1540000   3080.00000  -5002.23475   1038.26362  -6040.49837    298.04793
DYNA>  1550000   3100.00000  -5079.01248   1009.88828  -6088.90076    289.90239
DYNA>  1560000   3120.00000  -5038.45687   1034.75914  -6073.21601    297.04192
DYNA>  1570000   3140.00000  -5079.51104    989.80806  -6069.31910    284.13809
DYNA>  1580000   3160.00000  -5071.82422   1065.57230  -6137.39652    305.88726
DYNA>  1590000   3180.00000  -4993.74170   1087.82270  -6081.56441    312.27455
DYNA>  1600000   3200.00000  -5106.42290    995.04807  -6101.47097    285.64231
DYNA>  1610000   3220.00000  -5026.71842   1011.04445  -6037.76287    290.23429
DYNA>  1620000   3240.00000  -5066.99405   1003.96261  -6070.95666    288.20135
DYNA>  1630000   3260.00000  -5017.51929   1027.25877  -6044.77806    294.88884
DYNA>  1640000   3280.00000  -5123.08017   1030.61729  -6153.69746    295.85295
DYNA>  1650000   3300.00000  -4943.56336   1046.84463  -5990.40799    300.51123
DYNA>  1660000   3320.00000  -5073.55923   1060.78063  -6134.33986    304.51175
DYNA>  1670000   3340.00000  -5021.53365   1029.10192  -6050.63557    295.41794
DYNA>  1680000   3360.00000  -5048.24715   1053.83254  -6102.07969    302.51720
DYNA>  1690000   3380.00000  -5082.18031    993.73945  -6075.91976    285.26665
DYNA>  1700000   3400.00000  -5023.02127   1053.83397  -6076.85525    302.51761
DYNA>  1710000   3420.00000  -5057.65747   1012.16578  -6069.82325    290.55618
DYNA>  1720000   3440.00000  -5002.02553   1018.24325  -6020.26877    292.30080
DYNA>  1730000   3460.00000  -5042.36289   1074.05901  -6116.42190    308.32349
DYNA>  1740000   3480.00000  -5070.96867   1060.40042  -6131.36909    304.40261
DYNA>  1750000   3500.00000  -5137.42895   1016.58407  -6154.01302    291.82452
DYNA>  1760000   3520.00000  -5030.37343   1032.99106  -6063.36449    296.53437
DYNA>  1770000   3540.00000  -5015.98865   1037.61581  -6053.60447    297.86197
DYNA>  1780000   3560.00000  -5080.71003   1027.95352  -6108.66355    295.08827
DYNA>  1790000   3580.00000  -5057.99624   1059.27712  -6117.27336    304.08014
DYNA>  1800000   3600.00000  -5024.05479   1063.46608  -6087.52088    305.28265
DYNA>  1810000   3620.00000  -5074.19088   1028.25852  -6102.44940    295.17583
DYNA>  1820000   3640.00000  -5067.38707   1046.63917  -6114.02624    300.45225
DYNA>  1830000   3660.00000  -5000.46464   1049.58276  -6050.04739    301.29724
DYNA>  1840000   3680.00000  -5061.33712   1041.63511  -6102.97222    299.01576
DYNA>  1850000   3700.00000  -5189.27375   1007.74723  -6197.02098    289.28778
DYNA>  1860000   3720.00000  -5067.53872   1014.77818  -6082.31690    291.30611
DYNA>  1870000   3740.00000  -5062.42866   1044.16973  -6106.59839    299.74336
DYNA>  1880000   3760.00000  -5141.82764   1015.15055  -6156.97818    291.41300
DYNA>  1890000   3780.00000  -5109.29413   1041.23837  -6150.53250    298.90187
DYNA>  1900000   3800.00000  -5037.70286   1058.36621  -6096.06907    303.81865
DYNA>  1910000   3820.00000  -5074.86148   1053.52751  -6128.38899    302.42964
DYNA>  1920000   3840.00000  -5065.17052   1021.06383  -6086.23435    293.11049
DYNA>  1930000   3860.00000  -5055.52501   1044.54181  -6100.06681    299.85017
DYNA>  1940000   3880.00000  -5010.69691   1107.43724  -6118.13415    317.90517
DYNA>  1950000   3900.00000  -5033.83883   1028.47628  -6062.31511    295.23834
DYNA>  1960000   3920.00000  -5066.05964   1043.86989  -6109.92953    299.65729
DYNA>  1970000   3940.00000  -5094.82753   1035.60982  -6130.43734    297.28612
DYNA>  1980000   3960.00000  -5080.92750   1021.67127  -6102.59878    293.28487
DYNA>  1990000   3980.00000  -5039.12363   1021.78171  -6060.90535    293.31657
DYNA>  2000000   4000.00000  -5000.79781   1070.30076  -6071.09857    307.24463
